0 0 9
-4.80805e-29 0 5.9399
-4.3466e-29 0 4.9399
6.37471e-29 0 -2860.95
-3.72094e-27 0 15502.8
1.6659e-26 0 -30313.1
-2.48684e-26 0 25250.9
9.09102e-27 0 -7425.06
1.36168e-27 0 -1.0601
1 0 9
1 0 5.9399
1 0 4.9399
1 0 -2860.95
1 0 15502.8
1 0 -30313.1
1 0 25250.9
1 0 -7425.06
1 0 -1.0601
2 0 9
2 0 5.9399
2 0 4.9399
2 0 -2860.95
2 0 15502.8
2 0 -30313.1
2 0 25250.9
2 0 -7425.06
2 0 -1.0601
3 0 9
3 0 5.9399
3 0 4.9399
3 0 -2860.95
3 0 15502.8
3 0 -30313.1
3 0 25250.9
3 0 -7425.06
3 0 -1.0601
4 0 9
4 0 5.9399
4 0 4.9399
4 0 -2860.95
4 0 15502.8
4 0 -30313.1
4 0 25250.9
4 0 -7425.06
4 0 -1.0601
5 0 9
5 0 5.9399
5 0 4.9399
5 0 -2860.95
5 0 15502.8
5 0 -30313.1
5 0 25250.9
5 0 -7425.06
5 0 -1.0601
6 0 9
6 0 5.9399
6 0 4.9399
6 0 -2860.95
6 0 15502.8
6 0 -30313.1
6 0 25250.9
6 0 -7425.06
6 0 -1.0601
7 0 9
7 0 5.9399
7 0 4.9399
7 0 -2860.95
7 0 15502.8
7 0 -30313.1
7 0 25250.9
7 0 -7425.06
7 0 -1.0601
8 0 9
8 0 5.9399
8 0 4.9399
8 0 -2860.95
8 0 15502.8
8 0 -30313.1
8 0 25250.9
8 0 -7425.06
8 0 -1.0601
9 0 9
9 0 5.9399
9 0 4.9399
9 0 -2860.95
9 0 15502.8
9 0 -30313.1
9 0 25250.9
9 0 -7425.06
9 0 -1.0601
10 0 9
10 0 5.9399
10 0 4.9399
10 0 -2860.95
10 0 15502.8
10 0 -30313.1
10 0 25250.9
10 0 -7425.06
10 0 -1.0601
11 0 9
11 0 5.9399
11 0 4.9399
11 0 -2860.95
11 0 15502.8
11 0 -30313.1
11 0 25250.9
11 0 -7425.06
11 0 -1.0601
12 0 9
12 0 5.9399
12 0 4.9399
12 0 -2860.95
12 0 15502.8
12 0 -30313.1
12 0 25250.9
12 0 -7425.06
12 0 -1.0601
13 0 9
13 0 5.9399
13 0 4.9399
13 0 -2860.95
13 0 15502.8
13 0 -30313.1
13 0 25250.9
13 0 -7425.06
13 0 -1.0601
14 0 9
14 0 5.9399
14 0 4.9399
14 0 -2860.95
14 0 15502.8
14 0 -30313.1
14 0 25250.9
14 0 -7425.06
14 0 -1.0601
15 0 9
15 0 5.9399
15 0 4.9399
15 0 -2860.95
15 0 15502.8
15 0 -30313.1
15 0 25250.9
15 0 -7425.06
15 0 -1.0601
