0 0 9
7.61983e-32 0 7.99905
2.03027e-31 0 6.99547
2.45974e-31 0 5.9989
3.02099e-32 0 4.99607
3.26943e-32 0 3.99903
7.25098e-32 0 2.99897
5.49751e-32 0 1.99578
6.47097e-32 0 0.999076
1 0 9
1 0 7.99906
1 0 6.9962
1 0 5.99916
1 0 4.99913
1 0 3.99616
1 0 2.99897
1 0 1.99613
1 0 0.999063
2 0 9
2 0 7.99917
2 0 6.99911
2 0 5.99908
2 0 4.99903
2 0 3.99602
2 0 2.99639
2 0 1.99924
2 0 0.999131
3 0 9
3 0 7.99639
3 0 6.99897
3 0 5.99672
3 0 4.99913
3 0 3.99666
3 0 2.99924
3 0 1.99676
3 0 0.999246
4 0 9
4 0 7.99602
4 0 6.99636
4 0 5.99949
4 0 4.99923
4 0 3.99899
4 0 2.99679
4 0 1.99692
4 0 0.999221
5 0 9
5 0 7.99683
5 0 6.99893
5 0 5.99922
5 0 4.99852
5 0 3.99683
5 0 2.99922
5 0 1.99687
5 0 0.999229
6 0 9
6 0 7.9968
6 0 6.99928
6 0 5.99718
6 0 4.99738
6 0 3.9994
6 0 2.99936
6 0 1.99745
6 0 0.999333
7 0 9
7 0 7.99933
7 0 6.9975
7 0 5.9994
7 0 4.99739
7 0 3.99936
7 0 2.99935
7 0 1.9973
7 0 0.9993
8 0 9
8 0 7.99727
8 0 6.99929
8 0 5.99723
8 0 4.99933
8 0 3.99724
8 0 2.99962
8 0 1.99809
8 0 0.9993
9 0 9
9 0 7.99935
9 0 6.99721
9 0 5.99939
9 0 4.99935
9 0 3.99715
9 0 2.99935
9 0 1.99761
9 0 0.999423
10 0 9
10 0 7.99745
10 0 6.9994
10 0 5.99757
10 0 4.99894
10 0 3.99938
10 0 2.99773
10 0 1.99753
10 0 0.999374
11 0 9
11 0 7.99748
11 0 6.9994
11 0 5.99933
11 0 4.99717
11 0 3.99935
11 0 2.99922
11 0 1.99733
11 0 0.999335
12 0 9
12 0 7.99938
12 0 6.99738
12 0 5.9993
12 0 4.9974
12 0 3.99768
12 0 2.99941
12 0 1.99754
12 0 0.999465
13 0 9
13 0 7.99775
13 0 6.99941
13 0 5.99772
13 0 4.99949
13 0 3.99771
13 0 2.99944
13 0 1.99778
13 0 0.999477
14 0 9
14 0 7.9994
14 0 6.99777
14 0 5.99946
14 0 4.99771
14 0 3.99943
14 0 2.99769
14 0 1.99943
14 0 0.999414
15 0 9
15 0 7.99758
15 0 6.99945
15 0 5.99755
15 0 4.99945
15 0 3.99758
15 0 2.99941
15 0 1.99754
15 0 0.999409
